BACK_SPACE_KEY_SIZE: (101.0, 138.0)
BORDER_SIZE: 74.0
CAMERA_DISTANCE: 434.55844
ENTER_KEY_SIZE: (0.0, 0.0)
GAP_SIZE: (10.0, 10.0)
KEYBOARD_SIZE: (952.0, 212.0)
KEY_SIZE: (64.0, 64.0)
LEAP_PLANE_POINT_A: (-75.1144, 228.665, 6.85659)
LEAP_PLANE_POINT_B: (-82.9342, 306.371, -20.6809)
LEAP_PLANE_POINT_C: (59.155, 293.803, -29.472)
LEAP_PLANE_POINT_D: (52.4989, 238.027, -1.63304)
NUMBER_OF_KEYS: 31
TOUCH_THRESHOLD: -0.1
