BACK_SPACE_KEY_SIZE: (101.0, 138.0)
BORDER_SIZE: 74.0
CAMERA_DISTANCE: 434.55844
ENTER_KEY_SIZE: (0.0, 0.0)
GAP_SIZE: (10.0, 10.0)
KEYBOARD_SIZE: (952.0, 212.0)
KEY_SIZE: (64.0, 64.0)
LEAP_PLANE_POINT_A: (-78.5268, 164.157, 5.94525)
LEAP_PLANE_POINT_B: (-84.3081, 252.708, -25.224)
LEAP_PLANE_POINT_C: (59.4344, 261.728, -35.6207)
LEAP_PLANE_POINT_D: (55.6026, 167.678, 1.58311)
NUMBER_OF_KEYS: 31
TOUCH_THRESHOLD: -0.01
