BACK_SPACE_KEY_SIZE: (101.0, 138.0)
BORDER_SIZE: 74.0
CAMERA_DISTANCE: 434.55844
ENTER_KEY_SIZE: (0.0, 0.0)
GAP_SIZE: (10.0, 10.0)
KEYBOARD_SIZE: (952.0, 212.0)
KEY_SIZE: (64.0, 64.0)
LEAP_PLANE_POINT_A: (-53.4173, 152.737, 0.617018)
LEAP_PLANE_POINT_B: (-64.7567, 236.055, -31.8512)
LEAP_PLANE_POINT_C: (47.6936, 239.854, -39.2892)
LEAP_PLANE_POINT_D: (38.7947, 146, -2.0718)
NUMBER_OF_KEYS: 31
TOUCH_THRESHOLD: -0.01
