% Input Variables
controller_PRACTICE_WORDS_PER_INPUT = [5.0; 2.0; 3.0; 3.0; 3.0; 3.0; 2.0];
controller_NUMBER_OF_TIMES_PLANE_BREACHED = [1.0; 1.0; 1.0; 1.0; 1.0; 1.0; 1.0];
controller_DISTANCE_TRAVELED_TOUCH_ONLY = [1204.6; 1189.558; 1188.6; 1209.4043; 1287.008; 1890.7787; 1190.9868];
controller_DISTANCE_TRAVELED_TOUCH_ONLY_SHORTEST = [1204.6; 1175.758; 1188.6; 1209.4043; 1287.008; 1890.7787; 1190.9868];
controller_TIME_DURATION_TOUCH_ONLY = [3.7927444; 4.563198; 5.5920415; 4.575287; 5.115139; 6.6799684; 4.7170873];
controller_TIME_DURATION_TOUCH_ONLY_SHORTEST = [3.7927444; 4.3280935; 5.5920415; 4.575287; 5.115139; 6.6799684; 4.7170873];
controller_AVERAGE_HAND_VELOCITY = [11.804304; 12.565302; 9.207052; 11.159586; 10.763643; 24.442389; 11.660289];
controller_AVERAGE_PIXEL_VELOCITY = [426.56396; 454.06354; 332.70883; 403.2662; 388.9583; 883.2576; 421.3598];
controller_REACTION_TIME_FIRST_PRESSED = [1.3903353; 1.2666956; 1.7886295; 1.4568424; 1.245017; 1.531464; 1.4113952];
controller_REACTION_TIME_FIRST_TOUCH = [1.3903353; 1.2666956; 1.7886295; 1.4568424; 1.245017; 1.531464; 1.4113952];
controller_AVERAGE_REACTION_TIME_TO_ERRORS = [0.0; 0.45354882; 0.0; 0.0; 0.2750848; 0.0; 0.30347323];
controller_TEXT_ENTRY_RATE_WPM = [12.273374; 10.6401825; 8.376764; 10.027087; 9.238134; 6.9111433; 10.262167];
controller_TEXT_ENTRY_RATE_MODIFIED_WPM_SHORTEST = [12.273374; 10.925221; 8.376764; 10.027087; 9.238134; 6.9111433; 10.262167];
controller_TEXT_ENTRY_RATE_MODIFIED_WPM_VULTURE = [12.273374; 10.6401825; 8.376764; 10.027087; 9.238134; 6.9111433; 10.262167];
controller_TEXT_ENTRY_RATE_MODIFIED_WPM_SHORTEST_VULTURE = [12.273374; 10.925221; 8.376764; 10.027087; 9.238134; 6.9111433; 10.262167];
controller_ERROR_RATE_KSPC = [1.0; 1.14; 1.0; 1.0; 1.1; 1.0; 1.1466668];
controller_ERROR_RATE_MODIFIED_KSPC_SHORTEST = [1.0; 1.04; 1.0; 1.0; 1.1; 1.0; 1.1466668];
controller_ERROR_RATE_MODIFIED_MSD_SHORTEST = [0.0; 2.0; 0.0; 0.0; 0.0; 0.0; 0.0];
controller_ERROR_RATE_MODIFIED_MSD_BACKSPACE = [0.0; 3.9285712; 0.0; 0.0; 3.25; 0.0; 4.2222223];
controller_ERROR_RATE_MWD = [0.0; 20.0; 0.0; 0.0; 20.0; 0.0; 20.0];
controller_ERROR_RATE_MODIFIED_MWD_SHORTEST = [0.0; 10.0; 0.0; 0.0; 0.0; 0.0; 0.0];
controller_ERROR_RATE_MODIFIED_MWD_BACKSPACE = [0.0; 20.0; 0.0; 0.0; 20.0; 0.0; 20.0];
controller_TOTAL_ERROR_RATE = [0.0; 5.0000005; 0.0; 0.0; 3.9285712; 0.0; 5.357143];
controller_TOTAL_ERROR_RATE_MODIFIED_SHORTEST = [0.0; 3.6666667; 0.0; 0.0; 3.9285712; 0.0; 5.357143];
controller_TOTAL_ERROR_RATE_MODIFIED_BACKSPACE = [0.0; 3.9285712; 0.0; 0.0; 3.25; 0.0; 4.2222223];
controller_FRECHET_DISTANCE_TOUCH_ONLY = [130.33342; 166.93338; 121.82479; 127.624794; 152.51955; 223.8459; 158.48001];
controller_FRECHET_DISTANCE_TOUCH_ONLY_MODIFIED_SHORTEST = [130.33342; 159.81522; 121.82479; 127.624794; 136.89407; 223.8459; 151.33353];
controller_FRECHET_DISTANCE_TOUCH_ONLY_MODIFIED_BACKSPACE = [130.33342; 143.76169; 121.82479; 127.624794; 138.06337; 223.8459; 151.33353];
tablet_PRACTICE_WORDS_PER_INPUT = [10.0; 7.0; 8.0; 8.0; 3.0; 7.0; 4.0];
tablet_NUMBER_OF_TIMES_PLANE_BREACHED = [1.6; 1.7; 1.4; 1.0; 1.4; 1.5; 2.4];
tablet_DISTANCE_TRAVELED_TOUCH_ONLY = [963.13116; 1315.8121; 1055.6018; 1003.9772; 1194.8912; 1055.4562; 1221.384];
tablet_DISTANCE_TRAVELED_TOUCH_ONLY_SHORTEST = [963.13116; 1286.0563; 1055.6018; 1003.9772; 1194.8912; 1047.8035; 1221.384];
tablet_TIME_DURATION_TOUCH_ONLY = [1.9812771; 1.9748783; 1.6528629; 1.4692585; 1.4197179; 2.0115986; 1.3436873];
tablet_TIME_DURATION_TOUCH_ONLY_SHORTEST = [1.9812771; 1.818689; 1.6528629; 1.4692585; 1.4197179; 1.9085823; 1.3436873];
tablet_AVERAGE_HAND_VELOCITY = [25.553257; 32.11402; 31.005499; 35.322357; 37.030754; 27.95007; 36.433033];
tablet_AVERAGE_PIXEL_VELOCITY = [481.78238; 605.47943; 584.5793; 665.96954; 698.17975; 526.9721; 686.91016];
tablet_REACTION_TIME_FIRST_PRESSED = [1.3098629; 1.7530382; 1.7217529; 1.0786793; 1.9238632; 1.4499677; 2.2459269];
tablet_REACTION_TIME_FIRST_TOUCH = [1.3098629; 1.2029668; 1.2654424; 1.0786793; 1.186305; 1.4499677; 1.114655];
tablet_AVERAGE_REACTION_TIME_TO_ERRORS = [0.18124183; 0.9811724; 0.24061449; 0.0; 0.37186217; 0.2906247; 0.4874708];
tablet_TEXT_ENTRY_RATE_WPM = [23.611385; 24.987326; 26.768467; 29.97876; 32.861305; 22.282251; 33.019928];
tablet_TEXT_ENTRY_RATE_MODIFIED_WPM_SHORTEST = [23.611385; 26.446762; 26.768467; 29.97876; 32.861305; 23.693485; 33.019928];
tablet_TEXT_ENTRY_RATE_MODIFIED_WPM_VULTURE = [17.285742; 17.168182; 18.18151; 21.902283; 19.827616; 16.51337; 18.932514];
tablet_TEXT_ENTRY_RATE_MODIFIED_WPM_SHORTEST_VULTURE = [17.285742; 17.864101; 18.18151; 21.902283; 19.827616; 16.87753; 18.932514];
tablet_ERROR_RATE_KSPC = [1.2; 1.4666666; 1.2; 1.0; 1.35; 1.24; 1.4333333];
tablet_ERROR_RATE_MODIFIED_KSPC_SHORTEST = [1.2; 1.3; 1.2; 1.0; 1.35; 1.04; 1.4333333];
tablet_ERROR_RATE_MODIFIED_MSD_SHORTEST = [0.0; 5.8333335; 0.0; 0.0; 0.0; 5.0; 0.0];
tablet_ERROR_RATE_MODIFIED_MSD_BACKSPACE = [3.3333335; 10.333334; 3.3333335; 0.0; 6.3333335; 4.7619047; 8.690477];
tablet_ERROR_RATE_MWD = [10.0; 40.0; 10.0; 0.0; 20.0; 20.0; 30.000002];
tablet_ERROR_RATE_MODIFIED_MWD_SHORTEST = [0.0; 20.0; 0.0; 0.0; 0.0; 10.0; 0.0];
tablet_ERROR_RATE_MODIFIED_MWD_BACKSPACE = [10.0; 40.0; 10.0; 0.0; 20.0; 20.0; 30.000002];
tablet_TOTAL_ERROR_RATE = [5.0; 14.166667; 5.0; 0.0; 9.285715; 6.666667; 12.333334];
tablet_TOTAL_ERROR_RATE_MODIFIED_SHORTEST = [5.0; 14.166667; 5.0; 0.0; 9.285715; 6.666667; 12.333334];
tablet_TOTAL_ERROR_RATE_MODIFIED_BACKSPACE = [3.3333335; 10.333334; 3.3333335; 0.0; 6.3333335; 4.7619047; 8.690477];
tablet_FRECHET_DISTANCE_TOUCH_ONLY = [217.3357; 266.8365; 216.49939; 197.83847; 234.16379; 226.64091; 242.4705];
tablet_FRECHET_DISTANCE_TOUCH_ONLY_MODIFIED_SHORTEST = [217.3357; 222.20891; 216.49939; 197.83847; 234.16379; 212.19344; 242.4705];
tablet_FRECHET_DISTANCE_TOUCH_ONLY_MODIFIED_BACKSPACE = [215.96916; 222.20891; 208.28386; 197.83847; 225.90134; 195.50195; 230.40962];
tablet_DISCOMFORT_LEVEL = [-2; -1; -2; -2; -2; -1; -2];
tablet_FATIGUE_LEVEL = [-2; -1; -2; -2; -2; -2; -2];
tablet_DIFFICULTY_LEVEL = [-2; -1; -2; -2; -2; -2; -2];
tablet_PREFERENCE_RANKING = [2; 2; 2; 4; 2; 2; 1];
leapSurface_PRACTICE_WORDS_PER_INPUT = [10.0; 10.0; 7.0; 11.0; 9.0; 19.0; 10.0];
leapSurface_NUMBER_OF_TIMES_PLANE_BREACHED = [2.0; 3.8; 4.0; 1.4; 2.7; 7.2; 2.1];
leapSurface_DISTANCE_TRAVELED_TOUCH_ONLY = [1339.6699; 1537.7522; 1219.6122; 1362.4806; 1216.6489; 1954.5309; 1619.7434];
leapSurface_DISTANCE_TRAVELED_TOUCH_ONLY_SHORTEST = [1294.6907; 1410.071; 1188.3152; 1280.3135; 1216.6489; 1743.2559; 1619.7434];
leapSurface_TIME_DURATION_TOUCH_ONLY = [2.9624774; 2.3252122; 3.087095; 1.9999197; 2.9026227; 3.9398708; 1.7007672];
leapSurface_TIME_DURATION_TOUCH_ONLY_SHORTEST = [2.8406825; 2.001659; 2.9758062; 1.8123157; 2.9026227; 3.3788466; 1.7007672];
leapSurface_AVERAGE_HAND_VELOCITY = [11.027952; 18.658916; 10.349665; 15.935995; 9.629816; 10.886772; 15.181127];
leapSurface_AVERAGE_PIXEL_VELOCITY = [461.4066; 771.72266; 432.2519; 666.54486; 401.61014; 453.28253; 638.8241];
leapSurface_REACTION_TIME_FIRST_PRESSED = [1.2730392; 1.2361077; 2.1648693; 1.1046746; 1.9282322; 2.2046413; 2.433354];
leapSurface_REACTION_TIME_FIRST_TOUCH = [1.2730392; 1.2361077; 2.1648693; 1.1046746; 1.6781178; 1.3242518; 0.8643327];
leapSurface_AVERAGE_REACTION_TIME_TO_ERRORS = [0.36514774; 1.2070134; 0.35737085; 0.40517917; 0.46019077; 1.1121031; 0.43517247];
leapSurface_TEXT_ENTRY_RATE_WPM = [15.383883; 23.839916; 16.471943; 24.593256; 16.05904; 12.378638; 25.957697];
leapSurface_TEXT_ENTRY_RATE_MODIFIED_WPM_SHORTEST = [16.14408; 27.51591; 16.701351; 25.813635; 16.05904; 14.252617; 25.957697];
leapSurface_TEXT_ENTRY_RATE_MODIFIED_WPM_VULTURE = [13.483337; 17.219152; 12.597551; 18.908928; 12.36637; 9.690569; 18.828762];
leapSurface_TEXT_ENTRY_RATE_MODIFIED_WPM_SHORTEST_VULTURE = [13.852079; 18.607273; 12.714325; 19.657024; 12.36637; 10.858618; 18.828762];
