BACK_SPACE_KEY_SIZE: (101.0, 138.0)
BORDER_SIZE: 74.0
CAMERA_DISTANCE: 434.55844
ENTER_KEY_SIZE: (0.0, 0.0)
GAP_SIZE: (10.0, 10.0)
KEYBOARD_SIZE: (952.0, 212.0)
KEY_SIZE: (64.0, 64.0)
LEAP_PLANE_POINT_A: (-125.752, 252.718, 33.8786)
LEAP_PLANE_POINT_B: (-58.6113, 376.631, 0.477749)
LEAP_PLANE_POINT_C: (56.6182, 382.555, -2.18047)
LEAP_PLANE_POINT_D: (120.641, 250.101, -2.96975)
NUMBER_OF_KEYS: 31
TOUCH_THRESHOLD: -0.01
