BACK_SPACE_KEY_SIZE: (101.0, 138.0)
BORDER_SIZE: 74.0
CAMERA_DISTANCE: 434.55844
ENTER_KEY_SIZE: (0.0, 0.0)
GAP_SIZE: (10.0, 10.0)
KEYBOARD_SIZE: (952.0, 212.0)
KEY_SIZE: (64.0, 64.0)
LEAP_PLANE_POINT_A: (-94.4685, 87.1049, -10.9094)
LEAP_PLANE_POINT_B: (-99.7647, 193.97, -47.0734)
LEAP_PLANE_POINT_C: (54.1481, 212.009, -39.0315)
LEAP_PLANE_POINT_D: (37.0504, 69.2515, -0.0576422)
NUMBER_OF_KEYS: 31
TOUCH_THRESHOLD: -0.06
