BACK_SPACE_KEY_SIZE: (101.0, 138.0)
BORDER_SIZE: 74.0
CAMERA_DISTANCE: 434.55844
ENTER_KEY_SIZE: (0.0, 0.0)
GAP_SIZE: (10.0, 10.0)
KEYBOARD_SIZE: (952.0, 212.0)
KEY_SIZE: (64.0, 64.0)
LEAP_PLANE_POINT_A: (-58.1054, 81.4332, 0.469738)
LEAP_PLANE_POINT_B: (-71.8364, 154.168, -27.7844)
LEAP_PLANE_POINT_C: (50.3406, 153.506, -35.8374)
LEAP_PLANE_POINT_D: (26.6382, 96.3829, 10.3999)
NUMBER_OF_KEYS: 31
TOUCH_THRESHOLD: -0.06
