BACK_SPACE_KEY_SIZE: (101.0, 138.0)
BORDER_SIZE: 74.0
CAMERA_DISTANCE: 434.55844
ENTER_KEY_SIZE: (0.0, 0.0)
GAP_SIZE: (10.0, 10.0)
KEYBOARD_SIZE: (952.0, 212.0)
KEY_SIZE: (64.0, 64.0)
LEAP_PLANE_POINT_A: (-74.2239, 106.984, -24.7883)
LEAP_PLANE_POINT_B: (-74.6339, 197.239, -70.2303)
LEAP_PLANE_POINT_C: (46.3107, 219.536, -60.0022)
LEAP_PLANE_POINT_D: (43.7453, 99.9955, -8.94954)
NUMBER_OF_KEYS: 31
TOUCH_THRESHOLD: -0.01
