% Variables
controller_PRACTICE_WORDS_PER_INPUT = [3.0; 3.0; 2.0; 2.0; 5.0; 3.0; 3.0];
controller_NUMBER_OF_TIMES_PLANE_BREACHED = [1.0; 1.0; 1.0; 1.0; 1.0; 1.0; 1.0];
controller_DISTANCE_TRAVELED_TOUCH_ONLY = [25.294134; 32.59398; 29.744421; 30.342377; 25.323238; 25.688364; 24.497738];
controller_DISTANCE_TRAVELED_TOUCH_ONLY_SHORTEST = [25.294134; 32.59398; 29.379297; 30.342377; 25.323238; 25.688364; 24.497738];
controller_TIME_DURATION_TOUCH_ONLY = [5.206537; 7.395593; 5.184292; 5.4174047; 4.3864946; 5.591701; 6.4342294];
controller_TIME_DURATION_TOUCH_ONLY_SHORTEST = [5.206537; 7.395593; 4.9491873; 5.4174047; 4.3864946; 5.591701; 6.4342294];
controller_AVERAGE_PIXEL_VELOCITY = [6.656553; 13.810875; 11.207965; 9.071056; 7.5471582; 7.220838; 5.993773];
controller_REACTION_TIME_FIRST_PRESSED = [1.4568424; 1.531464; 1.2666956; 1.4113952; 1.3903353; 1.245017; 1.7886295];
controller_REACTION_TIME_FIRST_TOUCH = [0.8232047; 0.8144897; 0.64641017; 0.7110589; 0.7967375; 0.76812166; 0.94490147];
controller_AVERAGE_REACTION_TIME_TO_ERRORS = [0.0; 0.0; 0.45354882; 0.30347323; 0.0; 0.2750848; 0.0];
controller_TEXT_ENTRY_RATE_WPM = [10.031939; 6.9130287; 10.636944; 10.2621975; 12.273779; 9.238764; 8.379439];
controller_TEXT_ENTRY_RATE_MODIFIED_WPM_SHORTEST = [10.031939; 6.9130287; 10.921382; 10.2621975; 12.273779; 9.238764; 8.379439];
controller_TEXT_ENTRY_RATE_MODIFIED_WPM_VULTURE = [9.805539; 7.1903014; 10.463964; 9.8975935; 11.864214; 9.904608; 8.124574];
controller_TEXT_ENTRY_RATE_MODIFIED_WPM_SHORTEST_VULTURE = [9.805539; 7.1903014; 10.773958; 9.8975935; 11.864214; 9.904608; 8.124574];
controller_ERROR_RATE_KSPC = [1.0; 1.0; 1.14; 1.1466668; 1.0; 1.1; 1.0];
controller_ERROR_RATE_MODIFIED_KSPC_SHORTEST = [1.0; 1.0; 1.04; 1.1466668; 1.0; 1.1; 1.0];
controller_ERROR_RATE_MODIFIED_MSD_SHORTEST = [0.0; 0.0; 2.0; 0.0; 0.0; 0.0; 0.0];
controller_ERROR_RATE_MODIFIED_MSD_BACKSPACE = [0.0; 0.0; 3.9285712; 4.2222223; 0.0; 3.25; 0.0];
controller_TOTAL_ERROR_RATE = [0.0; 0.0; 5.0000005; 5.357143; 0.0; 3.9285712; 0.0];
controller_TOTAL_ERROR_RATE_MODIFIED_SHORTEST = [0.0; 0.0; 3.6666667; 5.357143; 0.0; 3.9285712; 0.0];
controller_TOTAL_ERROR_RATE_MODIFIED_BACKSPACE = [0.0; 0.0; 3.9285712; 4.2222223; 0.0; 3.25; 0.0];
controller_FRECHET_DISTANCE_TOUCH_ONLY = [127.624794; 223.8459; 180.43042; 158.48001; 130.33342; 152.51955; 121.82479];
controller_FRECHET_DISTANCE_TOUCH_ONLY_MODIFIED_SHORTEST = [127.624794; 223.8459; 173.31226; 151.33353; 130.33342; 136.89407; 121.82479];
controller_FRECHET_DISTANCE_TOUCH_ONLY_MODIFIED_BACKSPACE = [127.624794; 223.8459; 157.25874; 151.33353; 130.33342; 138.06337; 121.82479];
controller_DISCOMFORT_LEVEL = [-2; -2; 1; -2; -2; -2; -2];
controller_FATIGUE_LEVEL = [-2; -2; 1; -1; -2; -1; -2];
controller_DIFFICULTY_LEVEL = [-2; -2; -1; -1; -2; -2; -1];
controller_PREFERENCE_RANKING = [1; 3; 6; 4; 1; 1; 5];
touchscreen_PRACTICE_WORDS_PER_INPUT = [8.0; 7.0; 7.0; 4.0; 10.0; 3.0; 8.0];
touchscreen_NUMBER_OF_TIMES_PLANE_BREACHED = [1.0; 1.5; 1.7; 2.4; 1.6; 1.4; 1.4];
touchscreen_DISTANCE_TRAVELED_TOUCH_ONLY = [26.563532; 27.92558; 34.814156; 32.31575; 25.482813; 31.614788; 27.929424];
touchscreen_DISTANCE_TRAVELED_TOUCH_ONLY_SHORTEST = [26.563532; 27.723103; 34.026863; 32.31575; 25.482813; 31.614788; 27.929424];
touchscreen_TIME_DURATION_TOUCH_ONLY = [1.4692585; 2.0115986; 1.9748783; 1.3436873; 1.9812771; 1.4197179; 1.6528629];
touchscreen_TIME_DURATION_TOUCH_ONLY_SHORTEST = [1.4692585; 1.9085823; 1.818689; 1.3436873; 1.9812771; 1.4197179; 1.6528629];
touchscreen_AVERAGE_PIXEL_VELOCITY = [17.620422; 13.942785; 16.019958; 18.174475; 12.747145; 18.472649; 15.466974];
touchscreen_REACTION_TIME_FIRST_PRESSED = [1.0786793; 1.4499677; 1.7530382; 2.2459269; 1.3098629; 1.9238632; 1.7217529];
touchscreen_REACTION_TIME_FIRST_TOUCH = [1.0786793; 1.4499677; 1.2029668; 1.114655; 1.3098629; 1.186305; 1.2654424];
touchscreen_AVERAGE_REACTION_TIME_TO_ERRORS = [0.0; 0.2906247; 0.9811724; 0.4874708; 0.18124183; 0.37186217; 0.24061449];
touchscreen_TEXT_ENTRY_RATE_WPM = [29.97876; 22.282251; 24.987326; 33.019928; 23.611385; 32.861305; 26.768467];
touchscreen_TEXT_ENTRY_RATE_MODIFIED_WPM_SHORTEST = [29.97876; 22.282251; 24.987326; 33.019928; 23.611385; 32.861305; 26.768467];
touchscreen_TEXT_ENTRY_RATE_MODIFIED_WPM_VULTURE = [38.817223; 28.769695; 30.618963; 34.205734; 30.639353; 38.852497; 31.650524];
touchscreen_TEXT_ENTRY_RATE_MODIFIED_WPM_SHORTEST_VULTURE = [38.817223; 30.886545; 32.587048; 34.205734; 30.639353; 38.852497; 31.650524];
touchscreen_ERROR_RATE_KSPC = [1.0; 1.24; 1.4666666; 1.4333333; 1.2; 1.35; 1.2];
touchscreen_ERROR_RATE_MODIFIED_KSPC_SHORTEST = [1.0; 1.04; 1.3; 1.4333333; 1.2; 1.35; 1.2];
touchscreen_ERROR_RATE_MODIFIED_MSD_SHORTEST = [0.0; 5.0; 5.8333335; 0.0; 0.0; 0.0; 0.0];
touchscreen_ERROR_RATE_MODIFIED_MSD_BACKSPACE = [0.0; 4.7619047; 10.333334; 8.690477; 3.3333335; 6.3333335; 3.3333335];
touchscreen_TOTAL_ERROR_RATE = [0.0; 6.666667; 14.166667; 12.333334; 5.0; 9.285715; 5.0];
touchscreen_TOTAL_ERROR_RATE_MODIFIED_SHORTEST = [0.0; 6.666667; 14.166667; 12.333334; 5.0; 9.285715; 5.0];
touchscreen_TOTAL_ERROR_RATE_MODIFIED_BACKSPACE = [0.0; 4.7619047; 10.333334; 8.690477; 3.3333335; 6.3333335; 3.3333335];
touchscreen_FRECHET_DISTANCE_TOUCH_ONLY = [197.83847; 226.64091; 266.8365; 242.4705; 217.3357; 234.16379; 216.49939];
touchscreen_FRECHET_DISTANCE_TOUCH_ONLY_MODIFIED_SHORTEST = [197.83847; 212.19344; 222.20891; 242.4705; 217.3357; 234.16379; 216.49939];
touchscreen_FRECHET_DISTANCE_TOUCH_ONLY_MODIFIED_BACKSPACE = [197.83847; 195.50195; 222.20891; 230.40962; 215.96916; 225.90134; 208.28386];
touchscreen_DISCOMFORT_LEVEL = [-2; -1; -1; -2; -2; -2; -2];
touchscreen_FATIGUE_LEVEL = [-2; -2; -1; -2; -2; -2; -2];
touchscreen_DIFFICULTY_LEVEL = [-2; -2; -1; -2; -2; -2; -2];
touchscreen_PREFERENCE_RANKING = [4; 2; 2; 1; 2; 2; 2];
leapSurface_PRACTICE_WORDS_PER_INPUT = [11.0; 19.0; 10.0; 10.0; 10.0; 9.0; 7.0];
leapSurface_NUMBER_OF_TIMES_PLANE_BREACHED = [1.4; 7.2; 3.8; 2.1; 2.0; 2.7; 4.0];
leapSurface_DISTANCE_TRAVELED_TOUCH_ONLY = [36.048916; 51.71357; 40.68631; 42.85566; 35.445393; 32.190464; 32.268864];
leapSurface_DISTANCE_TRAVELED_TOUCH_ONLY_SHORTEST = [33.874916; 46.12359; 37.308083; 42.85566; 34.255314; 32.190464; 31.440796];
leapSurface_TIME_DURATION_TOUCH_ONLY = [1.9999197; 3.9398708; 2.3252122; 1.7007672; 2.9624774; 2.9026227; 3.087095];
leapSurface_TIME_DURATION_TOUCH_ONLY_SHORTEST = [1.8123157; 3.3788466; 2.001659; 1.7007672; 2.8406825; 2.9026227; 2.9758062];
leapSurface_AVERAGE_PIXEL_VELOCITY = [17.635645; 11.993088; 20.418468; 16.9022; 12.208035; 10.625921; 11.436651];
leapSurface_REACTION_TIME_FIRST_PRESSED = [1.1046746; 2.2046413; 1.2361077; 2.433354; 1.2730392; 1.9282322; 2.1648693];
leapSurface_REACTION_TIME_FIRST_TOUCH = [1.1046746; 1.3242518; 1.2361077; 0.8643327; 1.2730392; 1.6781178; 2.1648693];
leapSurface_AVERAGE_REACTION_TIME_TO_ERRORS = [0.40517917; 1.1121031; 1.2070134; 0.43517247; 0.36514774; 0.46019077; 0.35737085];
leapSurface_TEXT_ENTRY_RATE_WPM = [24.593256; 12.378638; 23.839916; 25.957697; 15.383883; 16.05904; 16.471943];
leapSurface_TEXT_ENTRY_RATE_MODIFIED_WPM_SHORTEST = [24.593256; 12.378638; 23.839916; 25.957697; 15.383883; 16.05904; 16.471943];
leapSurface_TEXT_ENTRY_RATE_MODIFIED_WPM_VULTURE = [31.922556; 13.337306; 31.330288; 29.14851; 20.028128; 19.910711; 21.475311];
leapSurface_TEXT_ENTRY_RATE_MODIFIED_WPM_SHORTEST_VULTURE = [33.448032; 15.586081; 36.3895; 29.14851; 21.041721; 19.910711; 21.762072];
leapSurface_ERROR_RATE_KSPC = [1.32; 2.7066667; 2.2433333; 1.89; 1.2166666; 1.3466667; 1.72];
leapSurface_ERROR_RATE_MODIFIED_KSPC_SHORTEST = [1.1600001; 2.0733333; 1.7324244; 1.89; 1.0666666; 1.3466667; 1.525];
leapSurface_ERROR_RATE_MODIFIED_MSD_SHORTEST = [4.4444447; 19.096737; 12.295454; 0.0; 3.3333335; 0.0; 3.75];
leapSurface_ERROR_RATE_MODIFIED_MSD_BACKSPACE = [6.1538463; 29.545868; 20.774893; 8.164984; 5.0; 7.8472223; 7.8095236];
