% Input Variables
tablet_PRACTICE_WORDS_PER_INPUT = [15.0; 2.0; 5.0; 10.0; 0.0; 3.0; 2.0; 3.0; 4.0; 2.0; 6.0; 9.0; 13.0; 3.0; 4.0; 3.0; 3.0; 11.0];
tablet_NUMBER_OF_TIMES_PLANE_BREACHED = [4.3333335; 1.0; 1.0666667; 1.0; 1.0; 1.0; 1.8666667; 1.5333333; 1.2666667; 2.0666666; 1.6; 1.2666667; 1.7333333; 2.0666666; 1.0; 1.4; 1.2666667; 1.9333333];
tablet_DISTANCE_TRAVELED_TOUCH_ONLY = [1127.1067; 1017.02515; 1004.9657; 988.3679; 1049.7865; 1043.9999; 1164.6965; 1149.1068; 1056.7921; 1033.9325; 1116.6882; 1111.6747; 1320.7323; 1208.2372; 1003.7219; 1000.66034; 1073.6355; 1104.3844];
tablet_DISTANCE_TRAVELED_TOUCH_ONLY_SHORTEST = [1088.9222; 1017.02515; 1004.9657; 988.3679; 1049.7865; 1043.9999; 1164.6965; 1149.1068; 1056.7921; 1025.0214; 1115.6193; 1109.0996; 1314.0071; 1206.582; 1003.7219; 997.7433; 1065.7106; 1061.9637];
tablet_TIME_DURATION_TOUCH_ONLY = [2.9863303; 1.3342835; 1.588223; 1.3690464; 1.6522421; 1.8518063; 1.6590122; 1.4069742; 1.419448; 2.133129; 1.524492; 1.8227241; 1.1265446; 1.2468665; 1.2606738; 1.5051392; 1.4553735; 2.3679385];
tablet_TIME_DURATION_TOUCH_ONLY_SHORTEST = [2.727746; 1.3342835; 1.588223; 1.3690464; 1.6522421; 1.8518063; 1.6590122; 1.4069742; 1.419448; 2.0599065; 1.4906701; 1.7947536; 1.1068827; 1.1935925; 1.2606738; 1.4497689; 1.3594003; 2.158084];
tablet_AVERAGE_PIXEL_VELOCITY = [461.77545; 749.8206; 644.6126; 732.7478; 626.9848; 560.616; 626.31506; 794.215; 714.61346; 507.24982; 593.984; 640.492; 954.0511; 779.95575; 785.34705; 707.7236; 757.3965; 480.70148];
tablet_REACTION_TIME_FIRST_PRESSED = [1.3490785; 1.0172311; 1.6709069; 1.1354015; 1.1403754; 1.208916; 1.6886593; 1.4001472; 1.4655769; 1.3135686; 1.7428719; 1.4772826; 1.7973481; 2.2318552; 0.9937393; 1.2280595; 1.1847643; 1.7885604];
tablet_REACTION_TIME_FIRST_TOUCH = [1.3490785; 1.0172311; 1.6709069; 1.1354015; 1.1403754; 1.208916; 1.1181902; 1.0859902; 1.235342; 1.3135686; 1.138659; 1.4772826; 1.1395456; 1.1423093; 0.9937393; 1.2280595; 1.1847643; 1.7885604];
tablet_AVERAGE_REACTION_TIME_TO_ERRORS = [0.67929363; 0.0; 0.0; 0.0; 0.0; 0.0; 0.33341315; 0.6487074; 0.091293335; 0.31753546; 0.32711098; 0.19051528; 0.20519955; 0.5499472; 0.0; 0.09638887; 0.09980585; 0.38671866];
tablet_TEXT_ENTRY_RATE_WPM = [18.161272; 32.752712; 27.967342; 33.97688; 26.195662; 23.484764; 26.668938; 32.940475; 30.390142; 21.438778; 29.01229; 25.090687; 39.24482; 36.038975; 34.304142; 31.431871; 30.714924; 19.423687];
tablet_TEXT_ENTRY_RATE_MODIFIED_WPM_SHORTEST = [19.475435; 32.752712; 27.967342; 33.97688; 26.195662; 23.484764; 26.668938; 32.940475; 30.390142; 22.122498; 29.437788; 25.367365; 39.79468; 36.64576; 34.304142; 31.651955; 31.764515; 20.982801];
tablet_TEXT_ENTRY_RATE_MODIFIED_WPM_VULTURE = [14.294267; 23.43586; 17.062178; 22.717104; 19.7036; 18.025326; 18.25852; 21.678839; 20.224602; 16.75154; 18.841288; 17.156273; 23.291899; 19.259254; 24.29298; 20.666466; 21.0042; 13.779935];
tablet_TEXT_ENTRY_RATE_MODIFIED_WPM_SHORTEST_VULTURE = [15.052732; 23.43586; 17.062178; 22.717104; 19.7036; 18.025326; 18.25852; 21.678839; 20.224602; 17.117304; 19.080843; 17.289824; 23.526936; 19.5592; 24.29298; 20.817812; 21.497982; 14.508219];
tablet_ERROR_RATE_KSPC = [1.6196826; 1.0; 1.0; 1.0; 1.0; 1.0; 1.2577778; 1.1733334; 1.1777779; 1.2088889; 1.2555555; 1.1133333; 1.2126983; 1.5466667; 1.0; 1.1111112; 1.0533334; 1.2126983];
tablet_ERROR_RATE_MODIFIED_KSPC_SHORTEST = [1.3748678; 1.0; 1.0; 1.0; 1.0; 1.0; 1.2577778; 1.1733334; 1.1777779; 1.12; 1.2333333; 1.08; 1.1904762; 1.48; 1.0; 1.05; 1.0; 1.0571429];
tablet_ERROR_RATE_MODIFIED_MSD_SHORTEST = [9.0079365; 0.0; 0.0; 0.0; 0.0; 0.0; 0.0; 0.0; 0.0; 2.6666667; 2.0634923; 1.3333334; 1.904762; 2.2222223; 0.0; 1.6666666; 1.904762; 5.84127];
tablet_ERROR_RATE_MODIFIED_MSD_BACKSPACE = [14.011438; 0.0; 0.0; 0.0; 0.0; 0.0; 5.373738; 4.4372296; 2.4242425; 5.0529103; 6.7222223; 2.9292932; 3.5493827; 10.151516; 0.0; 2.0833333; 1.4814816; 5.6227107];
tablet_ERROR_RATE_MWD = [46.666668; 0.0; 0.0; 0.0; 0.0; 0.0; 20.0; 20.0; 6.666667; 20.0; 26.666668; 13.333334; 13.333334; 33.333336; 0.0; 6.666667; 6.666667; 20.0];
tablet_ERROR_RATE_MODIFIED_MWD_SHORTEST = [33.333336; 0.0; 0.0; 0.0; 0.0; 0.0; 0.0; 0.0; 0.0; 6.666667; 13.333334; 6.666667; 13.333334; 6.666667; 0.0; 6.666667; 6.666667; 20.0];
tablet_ERROR_RATE_MODIFIED_MWD_BACKSPACE = [46.666668; 0.0; 0.0; 0.0; 0.0; 0.0; 20.0; 20.0; 6.666667; 20.0; 26.666668; 13.333334; 13.333334; 33.333336; 0.0; 6.666667; 6.666667; 20.0];
tablet_TOTAL_ERROR_RATE = [19.66811; 0.0; 0.0; 0.0; 0.0; 0.0; 7.5; 5.8333335; 3.809524; 6.793651; 8.994709; 3.8333333; 5.2661066; 14.722223; 0.0; 3.0303032; 1.904762; 7.555556];
tablet_TOTAL_ERROR_RATE_MODIFIED_SHORTEST = [19.03319; 0.0; 0.0; 0.0; 0.0; 0.0; 7.5; 5.8333335; 3.809524; 6.793651; 8.994709; 3.8333333; 5.2661066; 14.722223; 0.0; 3.0303032; 1.904762; 7.555556];
tablet_TOTAL_ERROR_RATE_MODIFIED_BACKSPACE = [14.011438; 0.0; 0.0; 0.0; 0.0; 0.0; 5.373738; 4.4372296; 2.4242425; 5.0529103; 6.7222223; 2.9292932; 3.5493827; 10.151516; 0.0; 2.0833333; 1.4814816; 5.6227107];
tablet_FRECHET_DISTANCE_TOUCH_ONLY = [294.2228; 202.43962; 206.93564; 205.99583; 205.80011; 205.00676; 242.68517; 229.71939; 218.0815; 229.37964; 267.3152; 252.55086; 249.39113; 268.64984; 204.49225; 224.24367; 218.83698; 236.0234];
tablet_FRECHET_DISTANCE_TOUCH_ONLY_MODIFIED_SHORTEST = [257.55212; 202.43962; 206.93564; 205.99583; 205.80011; 205.00676; 242.68517; 229.71939; 218.0815; 222.5213; 238.5067; 219.65381; 216.88354; 259.10562; 204.49225; 222.70953; 203.66032; 215.68515];
tablet_FRECHET_DISTANCE_TOUCH_ONLY_MODIFIED_BACKSPACE = [215.59723; 202.43962; 206.93564; 205.99583; 205.80011; 205.00676; 228.22325; 215.37987; 216.18108; 211.52403; 217.85211; 207.01486; 210.09526; 239.24886; 204.49225; 212.56589; 203.66032; 213.4501];
tablet_DISCOMFORT_LEVEL = [1; -2; -2; -2; -2; -2; -1; -2; -2; -2; -2; -2; -1; -2; -2; -2; -2; -2];
tablet_FATIGUE_LEVEL = [0; -2; -2; -1; -2; -2; 0; -2; -2; -2; -1; -2; -2; -2; -2; -2; -1; -2];
tablet_DIFFICULTY_LEVEL = [-1; -2; -2; -2; -2; -2; 0; -2; -2; -2; -1; -2; -2; -1; -2; -2; -2; -2];
tablet_PREFERENCE_RANKING = [5; 1; 1; 1; 2; 3; 1; 1; 1; 3; 3; 3; 1; 2; 1; 3; 1; 1];
leapSurface_PRACTICE_WORDS_PER_INPUT = [15.0; 9.0; 8.0; 14.0; 3.0; 3.0; 4.0; 4.0; 7.0; 5.0; 14.0; 12.0; 9.0; 5.0; 6.0; 9.0; 6.0; 5.0];
leapSurface_NUMBER_OF_TIMES_PLANE_BREACHED = [2.4; 1.3333334; 1.4666667; 1.8666667; 2.5333333; 1.2666667; 2.5333333; 1.2; 1.0; 1.1333333; 1.6666666; 2.2666667; 2.2666667; 1.5333333; 1.4666667; 1.2666667; 1.0; 1.0];
leapSurface_DISTANCE_TRAVELED_TOUCH_ONLY = [1737.9214; 1410.5823; 1323.9008; 1450.4928; 1561.7883; 1340.2778; 1586.431; 1292.526; 1147.8346; 1335.9651; 1503.0103; 1591.6643; 2144.3596; 1345.7964; 1260.5718; 1334.7184; 1124.2128; 1138.853];
leapSurface_DISTANCE_TRAVELED_TOUCH_ONLY_SHORTEST = [1719.7006; 1410.5823; 1315.8585; 1440.9753; 1415.2852; 1340.2778; 1586.431; 1283.6676; 1147.8346; 1335.9651; 1475.9286; 1480.3181; 2056.9094; 1345.7964; 1184.0364; 1334.7184; 1124.2128; 1138.853];
leapSurface_TIME_DURATION_TOUCH_ONLY = [2.0196333; 1.7799261; 2.2449038; 1.8643073; 3.3278449; 2.286342; 2.5787687; 1.0495545; 3.1415105; 2.0357575; 2.0505984; 2.1000283; 1.5866712; 1.6265678; 1.7823026; 1.5465147; 1.4814092; 2.123999];
leapSurface_TIME_DURATION_TOUCH_ONLY_SHORTEST = [1.947109; 1.7799261; 2.2026694; 1.8178605; 3.171993; 2.286342; 2.5787687; 1.0294255; 3.1415105; 2.0357575; 1.9574767; 1.9919604; 1.5866712; 1.6265678; 1.6662682; 1.5465147; 1.4814092; 2.123999];
leapSurface_AVERAGE_PIXEL_VELOCITY = [740.86316; 644.08496; 589.04456; 661.7302; 411.9556; 506.54913; 627.2548; 1139.4318; 368.60464; 575.95984; 593.4853; 592.36975; 718.9151; 716.9461; 630.57983; 762.0173; 737.7782; 521.3818];
leapSurface_REACTION_TIME_FIRST_PRESSED = [1.9904208; 1.595615; 2.4076774; 1.5724577; 2.3360417; 1.4791496; 2.1191525; 1.4073308; 2.2270312; 1.4412608; 1.738662; 3.8925085; 3.1943944; 1.3990825; 1.4274396; 1.6200737; 1.1455417; 1.6281514];
