% Input Variables
tablet_PRACTICE_WORDS_PER_INPUT = [15.0; 2.0; 8.0; 4.0; 5.0; 10.0; 2.0; 3.0; 2.0; 3.0; 4.0; 2.0; 6.0; 9.0; 13.0; 3.0; 4.0; 3.0; 3.0; 11.0];
tablet_NUMBER_OF_TIMES_PLANE_BREACHED = [4.3333335; 1.0; 2.6; 1.9333333; 1.0666667; 1.0; 4.5333333; 1.0; 1.8666667; 1.5333333; 1.2666667; 2.0666666; 1.6; 1.2666667; 1.7333333; 2.0666666; 1.0; 1.4; 1.2666667; 1.9333333];
tablet_DISTANCE_TRAVELED_TOUCH_ONLY = [29.821327; 26.908754; 26.312548; 27.911512; 26.589685; 26.150536; 8.270635; 27.622463; 30.815887; 30.403408; 27.960926; 27.3561; 29.545675; 29.413023; 34.944332; 31.967905; 26.55677; 26.475773; 28.406569; 29.22013];
tablet_DISTANCE_TRAVELED_TOUCH_ONLY_SHORTEST = [28.811031; 26.908754; 25.133043; 27.911512; 26.589685; 26.150536; 8.191107; 27.622463; 30.815887; 30.403408; 27.960926; 27.120325; 29.517391; 29.344887; 34.766396; 31.92411; 26.55677; 26.39859; 28.19689; 28.097754];
tablet_TIME_DURATION_TOUCH_ONLY = [2.9863303; 1.3342835; 2.6644926; 2.009776; 1.588223; 1.3690464; 1.0917622; 1.8518063; 1.6590122; 1.4069742; 1.419448; 2.133129; 1.524492; 1.8227241; 1.1265446; 1.2468665; 1.2606738; 1.5051392; 1.4553735; 2.3679385];
tablet_TIME_DURATION_TOUCH_ONLY_SHORTEST = [2.727746; 1.3342835; 2.3966327; 2.009776; 1.588223; 1.3690464; 1.040275; 1.8518063; 1.6590122; 1.4069742; 1.419448; 2.0599065; 1.4906701; 1.7947536; 1.1068827; 1.1935925; 1.2606738; 1.4497689; 1.3594003; 2.158084];
tablet_AVERAGE_PIXEL_VELOCITY = [12.2177925; 19.83898; 13.251129; 14.459062; 17.055355; 19.387259; 4.0897226; 14.832949; 16.57123; 21.013578; 18.907454; 13.420966; 15.715808; 16.946331; 25.242573; 20.636301; 20.778948; 18.725163; 20.039425; 12.718543];
tablet_REACTION_TIME_FIRST_PRESSED = [1.3490785; 1.0172311; 1.389577; 1.4933909; 1.6709069; 1.1354015; 1.4008216; 1.208916; 1.6886593; 1.4001472; 1.4655769; 1.3135686; 1.7428719; 1.4772826; 1.7973481; 2.2318552; 0.9937393; 1.2280595; 1.1847643; 1.7885604];
tablet_REACTION_TIME_FIRST_TOUCH = [1.3490785; 1.0172311; 1.389577; 1.4933909; 1.6709069; 1.1354015; 1.2613263; 1.208916; 1.1181902; 1.0859902; 1.235342; 1.3135686; 1.138659; 1.4772826; 1.1395456; 1.1423093; 0.9937393; 1.2280595; 1.1847643; 1.7885604];
tablet_AVERAGE_REACTION_TIME_TO_ERRORS = [0.67929363; 0.0; 0.46687144; 0.55975056; 0.0; 0.0; 0.25516945; 0.0; 0.33341315; 0.6487074; 0.091293335; 0.31753546; 0.32711098; 0.19051528; 0.20519955; 0.5499472; 0.0; 0.09638887; 0.09980585; 0.38671866];
tablet_TEXT_ENTRY_RATE_WPM = [18.161272; 32.752712; 22.11609; 23.404043; 27.967342; 33.97688; 48.02625; 23.484764; 26.668938; 32.940475; 30.390142; 21.438778; 29.01229; 25.090687; 39.24482; 36.038975; 34.304142; 31.431871; 30.714924; 19.423687];
tablet_TEXT_ENTRY_RATE_MODIFIED_WPM_SHORTEST = [19.475435; 32.752712; 23.390602; 23.404043; 27.967342; 33.97688; 49.760967; 23.484764; 26.668938; 32.940475; 30.390142; 22.122498; 29.437788; 25.367365; 39.79468; 36.64576; 34.304142; 31.651955; 31.764515; 20.982801];
tablet_TEXT_ENTRY_RATE_MODIFIED_WPM_VULTURE = [24.210138; 42.577255; 29.173328; 30.640116; 36.675358; 44.25829; 58.959652; 30.696608; 31.780693; 41.17616; 38.368652; 28.164343; 33.90847; 32.890583; 48.819927; 36.11352; 44.71838; 41.122787; 40.11063; 25.477077];
tablet_TEXT_ENTRY_RATE_MODIFIED_WPM_SHORTEST_VULTURE = [25.909328; 42.577255; 30.879251; 30.640116; 36.675358; 44.25829; 61.041313; 30.696608; 31.780693; 41.17616; 38.368652; 28.984808; 34.419067; 33.259487; 49.479763; 36.922565; 44.71838; 41.38689; 41.42262; 27.449434];
tablet_ERROR_RATE_KSPC = [1.6196826; 1.0; 1.4666667; 1.228889; 1.0; 1.0; 1.2; 1.0; 1.2577778; 1.1733334; 1.1777779; 1.2088889; 1.2555555; 1.1133333; 1.2126983; 1.5466667; 1.0; 1.1111112; 1.0533334; 1.2126983];
tablet_ERROR_RATE_MODIFIED_KSPC_SHORTEST = [1.3748678; 1.0; 1.0828283; 1.228889; 1.0; 1.0; 1.1333333; 1.0; 1.2577778; 1.1733334; 1.1777779; 1.12; 1.2333333; 1.08; 1.1904762; 1.48; 1.0; 1.05; 1.0; 1.0571429];
tablet_ERROR_RATE_MODIFIED_MSD_SHORTEST = [9.0079365; 0.0; 9.030303; 0.0; 0.0; 0.0; 2.2222223; 0.0; 0.0; 0.0; 0.0; 2.6666667; 2.0634923; 1.3333334; 1.904762; 2.2222223; 0.0; 1.6666666; 1.904762; 5.84127];
tablet_ERROR_RATE_MODIFIED_MSD_BACKSPACE = [14.011438; 0.0; 7.5244207; 5.603896; 0.0; 0.0; 4.904762; 0.0; 5.373738; 4.4372296; 2.4242425; 5.0529103; 6.7222223; 2.9292932; 3.5493827; 10.151516; 0.0; 2.0833333; 1.4814816; 5.6227107];
tablet_TOTAL_ERROR_RATE = [19.66811; 0.0; 11.119047; 7.4206347; 0.0; 0.0; 6.555556; 0.0; 7.5; 5.8333335; 3.809524; 6.793651; 8.994709; 3.8333333; 5.2661066; 14.722223; 0.0; 3.0303032; 1.904762; 7.555556];
tablet_TOTAL_ERROR_RATE_MODIFIED_SHORTEST = [19.03319; 0.0; 11.119047; 7.4206347; 0.0; 0.0; 6.555556; 0.0; 7.5; 5.8333335; 3.809524; 6.793651; 8.994709; 3.8333333; 5.2661066; 14.722223; 0.0; 3.0303032; 1.904762; 7.555556];
tablet_TOTAL_ERROR_RATE_MODIFIED_BACKSPACE = [14.011438; 0.0; 7.5244207; 5.603896; 0.0; 0.0; 4.904762; 0.0; 5.373738; 4.4372296; 2.4242425; 5.0529103; 6.7222223; 2.9292932; 3.5493827; 10.151516; 0.0; 2.0833333; 1.4814816; 5.6227107];
tablet_FRECHET_DISTANCE_TOUCH_ONLY = [294.2228; 202.43962; 252.7571; 259.84592; 206.93564; 205.99583; 142.96402; 205.00676; 242.68517; 229.71939; 218.0815; 229.37964; 267.3152; 252.55086; 249.39113; 268.64984; 204.49225; 224.24367; 218.83698; 236.0234];
tablet_FRECHET_DISTANCE_TOUCH_ONLY_MODIFIED_SHORTEST = [257.55212; 202.43962; 224.16917; 259.84592; 206.93564; 205.99583; 115.663956; 205.00676; 242.68517; 229.71939; 218.0815; 222.5213; 238.5067; 219.65381; 216.88354; 259.10562; 204.49225; 222.70953; 203.66032; 215.68515];
tablet_FRECHET_DISTANCE_TOUCH_ONLY_MODIFIED_BACKSPACE = [215.59723; 202.43962; 208.06914; 213.51816; 206.93564; 205.99583; 89.85555; 205.00676; 228.22325; 215.37987; 216.18108; 211.52403; 217.85211; 207.01486; 210.09526; 239.24886; 204.49225; 212.56589; 203.66032; 213.4501];
tablet_DISCOMFORT_LEVEL = [1; -2; -2; -2; -2; -2; -2; -2; -1; -2; -2; -2; -2; -2; -1; -2; -2; -2; -2; -2];
tablet_FATIGUE_LEVEL = [0; -2; -2; -1; -2; -1; -2; -2; 0; -2; -2; -2; -1; -2; -2; -2; -2; -2; -1; -2];
tablet_DIFFICULTY_LEVEL = [-1; -2; -1; -1; -2; -2; -2; -2; 0; -2; -2; -2; -1; -2; -2; -1; -2; -2; -2; -2];
tablet_PREFERENCE_RANKING = [5; 1; 1; 1; 1; 1; 2; 3; 1; 1; 1; 3; 3; 3; 1; 2; 1; 3; 1; 1];
leapSurface_PRACTICE_WORDS_PER_INPUT = [15.0; 9.0; 6.0; 10.0; 8.0; 14.0; 3.0; 3.0; 4.0; 4.0; 7.0; 5.0; 14.0; 12.0; 9.0; 5.0; 6.0; 9.0; 6.0; 5.0];
leapSurface_NUMBER_OF_TIMES_PLANE_BREACHED = [2.4; 1.3333334; 2.0; 1.3333334; 1.4666667; 1.8666667; 2.5333333; 1.2666667; 2.5333333; 1.2; 1.0; 1.1333333; 1.6666666; 2.2666667; 2.2666667; 1.5333333; 1.4666667; 1.2666667; 1.0; 1.0];
leapSurface_DISTANCE_TRAVELED_TOUCH_ONLY = [45.982445; 37.32161; 42.756393; 33.67434; 35.028164; 38.377575; 41.322266; 35.461475; 41.974262; 34.198044; 30.369755; 35.347366; 39.767097; 42.112736; 56.73611; 35.607483; 33.35259; 35.31438; 29.744757; 30.132114];
leapSurface_DISTANCE_TRAVELED_TOUCH_ONLY_SHORTEST = [45.500355; 37.32161; 37.607967; 33.67434; 34.815376; 38.12576; 37.44604; 35.461475; 41.974262; 33.96366; 30.369755; 35.347366; 39.050564; 39.16671; 54.42233; 35.607483; 31.327587; 35.31438; 29.744757; 30.132114];
leapSurface_TIME_DURATION_TOUCH_ONLY = [2.0196333; 1.7799261; 2.615216; 1.9935379; 2.2449038; 1.8643073; 3.3278449; 2.286342; 2.5787687; 1.0495545; 3.1415105; 2.0357575; 2.0505984; 2.1000283; 1.5866712; 1.6265678; 1.7823026; 1.5465147; 1.4814092; 2.123999];
leapSurface_TIME_DURATION_TOUCH_ONLY_SHORTEST = [1.947109; 1.7799261; 2.1848652; 1.9935379; 2.2026694; 1.8178605; 3.171993; 2.286342; 2.5787687; 1.0294255; 3.1415105; 2.0357575; 1.9574767; 1.9919604; 1.5866712; 1.6265678; 1.6662682; 1.5465147; 1.4814092; 2.123999];
leapSurface_AVERAGE_PIXEL_VELOCITY = [19.601982; 17.04139; 13.930924; 17.18694; 15.585115; 17.508257; 10.899646; 13.40243; 16.596098; 30.14743; 9.752652; 15.23892; 15.70261; 15.673092; 19.021275; 18.969177; 16.684072; 20.161682; 19.520359; 13.794877];
